418,7
422,3
422,2
422,1
422,0
421,3
421,2
421,1
421,0
420,3
420,2
420,1
420,0
418,6
418,5
418,4
419,3
419,2
419,1
419,0
418,3
418,2
418,1
418,0
417,3
417,2
417,1
417,0
416,3
416,2
416,1
416,0
415,4
415,3
415,2
415,1
415,0
414,5
414,4
414,3
414,2
414,1
414,0
413,4
413,3
413,2
413,1
413,0
412,4
412,3
412,2
412,1
412,0
407,7
411,3
411,2
411,1
411,0
410,3
410,2
410,1
410,0
409,3
409,2
409,1
409,0
407,6
407,5
407,4
408,3
408,2
408,1
408,0
407,3
407,2
407,1
407,0
406,3
406,2
406,1
406,0
405,3
405,2
405,1
405,0
404,4
404,3
404,2
404,1
404,0
403,5
403,4
403,3
403,2
403,1
403,0
402,4
402,3
402,2
402,1
402,0
401,4
401,3
401,2
401,1
401,0
396,7
400,3
400,2
400,1
400,0
399,3
399,2
399,1
399,0
398,3
398,2
398,1
398,0
396,6
396,5
396,4
397,3
397,2
397,1
397,0
396,3
396,2
396,1
396,0
395,3
395,2
395,1
395,0
394,3
394,2
394,1
394,0
393,4
393,3
393,2
393,1
393,0
392,5
392,4
392,3
392,2
392,1
392,0
391,4
391,3
391,2
391,1
391,0
390,4
390,3
390,2
390,1
390,0
385,7
389,3
389,2
389,1
389,0
388,3
388,2
388,1
388,0
387,3
387,2
387,1
387,0
385,6
385,5
385,4
386,3
386,2
386,1
386,0
385,3
385,2
385,1
385,0
384,3
384,2
384,1
384,0
383,3
383,2
383,1
383,0
382,4
382,3
382,2
382,1
382,0
381,5
381,4
381,3
381,2
381,1
381,0
380,4
380,3
380,2
380,1
380,0
379,4
379,3
379,2
379,1
379,0
4,3
2,2
2,1
2,0
377,3
377,2
377,1
374,3
374,2
374,1
373,4
373,3
373,2
373,1
370,4
370,3
370,2
370,1
369,5
369,4
369,3
369,2
369,1
368,4
368,3
368,2
368,1
366,3
366,2
366,1
2,3
1,3
0,369
0,368
0,367
0,366
0,365
0,364
0,363
0,362
0,361
0,360
0,359
0,358
0,357
0,356
0,355
0,354
0,353
0,352
0,351
0,350
0,349
0,348
0,347
0,346
0,345
0,344
0,343
0,342
0,341
0,340
0,339
0,338
0,337
0,336
0,335
0,334
0,333
0,332
0,331
0,330
0,329
0,328
0,327
0,326
0,325
0,324
0,323
0,322
0,321
0,320
0,243
0,9
0,0
0,1
0,300
0,299
0,298
0,297
0,296
0,295
0,294
0,293
0,292
0,291
0,290
0,289
0,288
0,287
0,286
0,285
0,284
0,283
0,282
0,281
0,280
0,279
0,278
0,277
0,276
0,275
0,274
0,273
0,272
0,271
0,270
0,269
0,268
0,267
0,266
0,265
0,264
0,263
0,262
0,261
0,260
0,259
0,258
0,257
0,256
0,255
0,254
0,253
0,252
0,251
0,250
0,249
0,248
0,247
0,246
0,245
0,244
0,242
0,241
0,240
0,239
0,238
0,237
0,236
0,235
0,234
0,233
0,232
0,231
0,230
0,229
0,228
0,227
0,226
0,225
0,224
0,223
0,222
0,221
0,220
0,219
0,218
0,217
0,216
0,215
0,214
0,213
0,212
0,211
0,210
0,209
0,208
0,207
0,206
0,205
0,204
0,203
0,202
0,201
0,200
0,199
0,198
0,197
0,196
0,195
0,194
0,193
0,192
0,63
0,62
0,61
0,60
0,59
0,58
0,57
0,56
0,55
0,54
0,53
0,52
0,51
0,50
0,49
0,48
0,47
0,46
0,45
0,6
0,5
0,304
0,303
0,306
0,305
0,302
0,12
0,10
0,8
0,11
0,4
0,2
0,3
0,7
377,0
374,0
373,0
370,0
369,0
368,0
366,0
